params:
  Amazon-CS:
    emb_dim: 128
    lr: 0.00022433497490294773
    num_epochs: 100
  Amazon-Photo:
    emb_dim: 128
    lr: 0.0005662724736601763
    num_epochs: 100
  Coauthor-CS:
    emb_dim: 128
    lr: 0.0001796714020170723
    num_epochs: 100
  WikiCS:
    emb_dim: 128
    lr: 0.0004877389523631676
    num_epochs: 100
